3700 3702
3939 2707
3604 3069
3728 3074
3928 3084
3558 2639
3605 3437
3950 2738
3610 2887
3861 2855
3566 2524
3866 2560
3827 2794
3976 2747
3592 3457
3727 3121
3998 3357
3889 3232
3712 2947
3545 3411
3716 3063
3758 3009
3631 2761
3755 3480
3709 3360
3817 3024
3835 3189
3548 3185
3624 2643
3953 2952
3830 3397
3803 3393
3717 2938
3824 2799
3853 3407
3519 2632
3761 2865
3816 2533
3508 3199
3938 3391
3722 2840
3641 2845
3582 2727
3535 3165
3840 3302
3868 2999
3526 3443
3964 3097
3583 2570
3873 2869
3529 2803
3970 3212
3683 2688
3670 2901
3909 3016
3802 2940
3837 2750
3650 2922
3554 2709
3932 2931
3929 3148
3858 2745
3856 3264
3626 2540
3671 3261
3941 2595
3832 3096
3785 3134
3752 2882
3553 3149
7200 3601
3815 3372
3586 2822
3658 2552
3542 2554
3852 3055
3600 3316
3606 3256
3990 3017
3560 2565
3530 3122
3764 2684
3934 2652
3740 3359
3561 3126
3525 3107
3593 3214
3700 3700
3655 3174
3629 3043
3511 2634
3720 3071
3825 2781
3616 3290
3754 2800
3753 2801
3540 2623
3789 2835
3767 2550
3780 3410
3614 2942
3980 3092
3847 2765
3874 3144
3588 2864
3965 3466
3768 2973
3923 3412
3759 2537
3878 3004
3992 2656
3584 2714
3504 3265
3762 3438
3846 3240
3543 2934
3870 3176
3710 3390
3660 2600
3839 3034
3958 2924
3911 2538
3591 3163
3791 2670
3735 2842
3983 3018
3528 3318
3975 2832
3751 3293
3576 3434
3833 2797
3971 3010
3895 3469
3730 2871
3707 3491
3994 2633
3854 3389
3865 3030
3736 2838
3555 3342
3719 2556
3623 3131
3864 2663
3564 2607
3968 2555
3700 3701
3599 2935
3738 3094
3776 3428
3677 2890
3706 2774
3917 2817
3792 2751
3527 3485
3876 3336
3960 2974
3807 2647
3905 2852
3810 3200
7198 3600
3550 2505
3578 2759
3945 2959
3838 3180
3666 3454
3997 3451
3790 2715
3979 2650
3630 3105
3962 2780
3922 3059
3901 3083
3844 2696
3995 3118
3703 2886
3993 2559
3818 3104
3681 2614
3602 2783
3951 3486
3926 3020
3916 3441
3628 2771
3918 3208
3556 3436
3836 3025
3894 3325
3982 3498
3573 2877
3849 2933
3653 3425
3937 2676
3781 3247
3680 3058
3974 3381
3520 2978
3663 2981
3991 3082
3769 3155
3686 2796
3587 3442
3657 3252
3571 2764
3721 3152
3674 3194
3708 2677
3869 3239
3961 3227
3619 2984
3607 3376
3725 2668
3698 2953
3643 3349
3625 3098
3699 3040
3585 2521
3691 3169
3679 3050
3590 2961
3595 3070
3919 2722
3620 2507
7202 3602
3823 3186
3639 2547
3841 3175
3949 3494
3805 3460
3906 3283
3603 2930
3775 2666
3793 2743
3851 3248
3737 2766
3969 2791
3577 2809
3913 3209
3644 3458
3567 2834
3883 3430
3648 2997
3884 3281
3772 2583
3661 3382
3652 3373
3651 3234
3656 2851
3809 2875
3957 2854
3580 2830
3882 3331
3907 2602
3924 2520
3570 2673
3778 2532
3750 3102
3659 2628
3899 3470
3972 2915
3786 2692
3862 2806
3569 3054
3701 2645
3800 3011
3538 2564
3690 2787
3788 2679
3787 3135
3714 2506
3649 3204
3634 2919
3978 2637
3501 2833
3984 2744
3820 2906
3920 3444
3642 2816
3741 2690
3908 2736
3777 2912
3748 3344
3693 2572
3506 2567
3745 3053
3622 3305
3568 2975
3574 2778
3842 3023
3509 3271
3774 2510
3733 3114
3579 3355
3739 3364
3729 3275
3565 3332
3784 2641
3771 3202
3943 2992
3612 2813
3697 2898
3596 3218
3914 3472
3668 2970
3973 3238
3822 3330
3694 3045
3819 2708
3672 3379
3867 3398
3760 2986
3930 2792
3687 3361
3954 3132
3756 2542
3927 3251
3575 2551
3845 2963
3985 2846
3597 3110
3880 2718
3523 2531
3795 3317
3534 3085
3850 3162
3563 3235
3695 2804
3549 3078
3627 3001
3887 3474
3515 2646
3562 3112
3524 3377
3829 3384
3746 3226
3897 3459
3890 3322
3828 2508
3557 3057
3682 2945
3912 3161
3977 2654
3589 3003
3559 2987
3885 2624
3821 2697
3900 2880
3615 2630
3921 3371
3808 2899
3952 2989
3702 3363
3637 3310
3877 3062
3601 3036
3635 2793
3685 3345
3505 3324
3594 2586
3544 3489
3931 2784
3665 2734
3723 3124
3700 2995
3598 2500
3986 3301
3546 3013
3646 3060
3831 2879
3898 3216
3848 2681
3811 3005
3806 3006
3621 2519
3798 2770
3987 3140
3522 3337
4000 3432
3609 3067
3541 3000
3959 3365
3678 2678
3516 3138
3794 3463
3675 2704
3896 2941
3572 3088
3507 2883
3533 2530
3944 3319
3989 3254
3547 3475
3636 2829
3676 3308
3935 3253
3888 2725
3875 3061
3647 3147
3551 3100
3617 2660
3915 3051
3860 2946
3936 3353
3779 3426
3881 2769
3664 2694
3872 2867
3948 3286
3531 3295
3826 2544
3705 3455
10 10
3667 2724
3796 3388
3645 2539
3904 3167
3517 2748
3966 2502
3640 3415
3744 3242
3813 3091
3513 2756
3638 3464
3814 2516
3536 2900
3611 3495
3503 2885
3976 1989
3996 3387
3893 3027
3942 3313
3732 2983
3757 2528
3863 3448
3632 2661
3742 2910
3724 2896
3765 3358
3940 3351
3857 3156
3618 2929
3713 2827
3766 3354
3688 3258
3552 2904
3773 3116
3871 3225
3797 2847
3726 3220
3512 3205
3963 2760
3662 2811
3654 2664
3502 2889
3799 2576
3956 3347
3608 2593
3891 2818
3613 3401
3804 2962
3910 2712
3843 2954
3946 3346
3967 3493
3715 2631
3925 3334
3933 2863
3902 3106
3749 3321
3770 3280
3633 2749
3718 2575
3801 3304
3689 3294
3747 2574
3518 2775
3834 2936
3684 3339
3812 2699
3763 2870
3669 3419
3711 2960
3673 2948
3692 2836
3892 2819
3734 3207
3731 2580
3955 2902
3581 3008
3783 3154
3859 2702
3782 2814
3514 2874
3879 3499
3886 2733
3999 2881
3903 2603
3947 2601
3510 3259
3855 2925
3537 3479
3988 2589
3743 2728
